params = {
    "class_ids": [0, 1, 2, 3, 0, 1, 2, 3, 0, 1, 2, 3, 0, 1, 2, 3, 0, 1, 2, 3, 0, 1, 2, 3, 0, 1, 2, 3, 0, 1, 2, 3, 0, 1, 2, 3, 0, 1, 2, 3, 0, 1, 2, 3, 0, 1, 2, 3, 0, 1, 2, 3, 0, 1, 2, 3, 0, 1, 2, 3, 0, 1, 2, 3, 0, 1, 2, 3, 0, 1, 2, 3, 0, 1, 2, 3, 0, 1, 2, 3, 0, 1, 2, 3, 0, 1, 2, 3, 0, 1, 2, 3, 0, 1, 2, 3],
    "class_nodeids": [5, 5, 5, 5, 7, 7, 7, 7, 9, 9, 9, 9, 10, 10, 10, 10, 13, 13, 13, 13, 15, 15, 15, 15, 16, 16, 16, 16, 19, 19, 19, 19, 20, 20, 20, 20, 21, 21, 21, 21, 24, 24, 24, 24, 25, 25, 25, 25, 26, 26, 26, 26, 29, 29, 29, 29, 32, 32, 32, 32, 33, 33, 33, 33, 34, 34, 34, 34, 36, 36, 36, 36, 39, 39, 39, 39, 40, 40, 40, 40, 41, 41, 41, 41, 44, 44, 44, 44, 45, 45, 45, 45, 46, 46, 46, 46],
    "class_treeids": [0, 0, 0, 0, 0, 0, 0, 0, 0, 0, 0, 0, 0, 0, 0, 0, 0, 0, 0, 0, 0, 0, 0, 0, 0, 0, 0, 0, 0, 0, 0, 0, 0, 0, 0, 0, 0, 0, 0, 0, 0, 0, 0, 0, 0, 0, 0, 0, 0, 0, 0, 0, 0, 0, 0, 0, 0, 0, 0, 0, 0, 0, 0, 0, 0, 0, 0, 0, 0, 0, 0, 0, 0, 0, 0, 0, 0, 0, 0, 0, 0, 0, 0, 0, 0, 0, 0, 0, 0, 0, 0, 0, 0, 0, 0, 0],
    "class_weights": [1.0, 0.0, 0.0, 0.0, 0.0, 1.0, 0.0, 0.0, 0.0, 0.0, 1.0, 0.0, 0.0, 1.0, 0.0, 0.0, 0.0, 1.0, 0.0, 0.0, 0.0, 1.0, 0.0, 0.0, 0.0, 0.0, 1.0, 0.0, 0.0, 1.0, 0.0, 0.0, 0.0, 0.0, 1.0, 0.0, 0.0, 1.0, 0.0, 0.0, 0.0, 0.0, 0.0, 1.0, 1.0, 0.0, 0.0, 0.0, 0.0, 0.0, 1.0, 0.0, 0.0, 0.0, 1.0, 0.0, 0.0, 1.0, 0.0, 0.0, 0.0, 0.0, 1.0, 0.0, 0.0, 1.0, 0.0, 0.0, 0.0, 1.0, 0.0, 0.0, 0.0, 0.0, 1.0, 0.0, 0.0, 1.0, 0.0, 0.0, 0.0, 0.0, 0.0, 1.0, 0.0, 0.0, 1.0, 0.0, 0.0, 1.0, 0.0, 0.0, 0.0, 0.0, 1.0, 0.0],
    "classlabels": [0, 1, 2, 3],
    "nodes_falsenodeids": [42, 27, 22, 11, 6, 0, 8, 0, 10, 0, 0, 17, 14, 0, 16, 0, 0, 21, 20, 0, 0, 0, 26, 25, 0, 0, 0, 35, 30, 0, 34, 33, 0, 0, 0, 37, 0, 41, 40, 0, 0, 0, 46, 45, 0, 0, 0],
    "nodes_featureids": [12, 1, 5, 17, 13, 0, 14, 0, 12, 0, 0, 13, 12, 0, 7, 0, 0, 10, 9, 0, 0, 0, 12, 9, 0, 0, 0, 17, 12, 0, 12, 9, 0, 0, 0, 13, 0, 8, 9, 0, 0, 0, 17, 2, 0, 0, 0],
    "nodes_hitrates": [1.0, 1.0, 1.0, 1.0, 1.0, 1.0, 1.0, 1.0, 1.0, 1.0, 1.0, 1.0, 1.0, 1.0, 1.0, 1.0, 1.0, 1.0, 1.0, 1.0, 1.0, 1.0, 1.0, 1.0, 1.0, 1.0, 1.0, 1.0, 1.0, 1.0, 1.0, 1.0, 1.0, 1.0, 1.0, 1.0, 1.0, 1.0, 1.0, 1.0, 1.0, 1.0, 1.0, 1.0, 1.0, 1.0, 1.0],
    "nodes_missing_value_tracks_true": [0, 0, 0, 0, 0, 0, 0, 0, 0, 0, 0, 0, 0, 0, 0, 0, 0, 0, 0, 0, 0, 0, 0, 0, 0, 0, 0, 0, 0, 0, 0, 0, 0, 0, 0, 0, 0, 0, 0, 0, 0, 0, 0, 0, 0, 0, 0],
    "nodes_modes": ['BRANCH_LEQ', 'BRANCH_LEQ', 'BRANCH_LEQ', 'BRANCH_LEQ', 'BRANCH_LEQ', 'LEAF', 'BRANCH_LEQ', 'LEAF', 'BRANCH_LEQ', 'LEAF', 'LEAF', 'BRANCH_LEQ', 'BRANCH_LEQ', 'LEAF', 'BRANCH_LEQ', 'LEAF', 'LEAF', 'BRANCH_LEQ', 'BRANCH_LEQ', 'LEAF', 'LEAF', 'LEAF', 'BRANCH_LEQ', 'BRANCH_LEQ', 'LEAF', 'LEAF', 'LEAF', 'BRANCH_LEQ', 'BRANCH_LEQ', 'LEAF', 'BRANCH_LEQ', 'BRANCH_LEQ', 'LEAF', 'LEAF', 'LEAF', 'BRANCH_LEQ', 'LEAF', 'BRANCH_LEQ', 'BRANCH_LEQ', 'LEAF', 'LEAF', 'LEAF', 'BRANCH_LEQ', 'BRANCH_LEQ', 'LEAF', 'LEAF', 'LEAF'],
    "nodes_nodeids": [0, 1, 2, 3, 4, 5, 6, 7, 8, 9, 10, 11, 12, 13, 14, 15, 16, 17, 18, 19, 20, 21, 22, 23, 24, 25, 26, 27, 28, 29, 30, 31, 32, 33, 34, 35, 36, 37, 38, 39, 40, 41, 42, 43, 44, 45, 46],
    "nodes_treeids": [0, 0, 0, 0, 0, 0, 0, 0, 0, 0, 0, 0, 0, 0, 0, 0, 0, 0, 0, 0, 0, 0, 0, 0, 0, 0, 0, 0, 0, 0, 0, 0, 0, 0, 0, 0, 0, 0, 0, 0, 0, 0, 0, 0, 0, 0, 0],
    "nodes_truenodeids": [1, 2, 3, 4, 5, 0, 7, 0, 9, 0, 0, 12, 13, 0, 15, 0, 0, 18, 19, 0, 0, 0, 23, 24, 0, 0, 0, 28, 29, 0, 31, 32, 0, 0, 0, 36, 0, 38, 39, 0, 0, 0, 43, 44, 0, 0, 0],
    "nodes_values": [0.8333333134651184, 0.5, 0.5, 0.0714285746216774, 0.0714285746216774, 0.0, 0.25, 0.0, 0.5, 0.0, 0.0, 0.5, 0.5, 0.0, 0.5, 0.0, 0.0, 0.75, 0.1666666716337204, 0.0, 0.0, 0.0, 0.1666666716337204, 0.1666666716337204, 0.0, 0.0, 0.0, 0.3571428656578064, 0.1666666716337204, 0.0, 0.5, 0.5, 0.0, 0.0, 0.0, 0.5, 0.0, 0.5, 0.8333333134651184, 0.0, 0.0, 0.0, 0.0714285746216774, 0.5, 0.0, 0.0, 0.0],
    "base_values": [],
    "post_transform": 'SOFTMAX',
}