params = {
    "class_ids": [0, 0, 0, 0, 0, 0, 0, 0, 0, 0, 0, 0, 0, 0, 0, 0, 0, 0, 0, 0, 0, 0, 0, 0, 0, 0, 0, 0, 0, 0, 0, 0, 0, 0, 0, 0, 0, 0, 0, 0, 0, 0, 0, 0, 0, 0, 0, 0, 0, 0, 0, 0, 0, 0, 0, 0, 0, 0, 0, 0, 0, 0, 0, 0, 0, 0, 0, 0, 0, 0, 0, 0, 0, 0, 0, 0, 0, 0, 0, 0, 0, 0, 0, 0, 0, 0, 0, 0, 0],
    "class_nodeids": [4, 5, 6, 9, 16, 17, 18, 19, 20, 21, 25, 26, 27, 28, 31, 36, 38, 40, 41, 45, 46, 49, 50, 53, 54, 55, 57, 60, 61, 62, 66, 67, 68, 70, 73, 74, 76, 77, 79, 81, 83, 84, 93, 96, 97, 99, 101, 102, 104, 105, 109, 111, 112, 113, 115, 116, 118, 119, 120, 121, 125, 126, 127, 128, 129, 132, 135, 136, 143, 144, 145, 146, 147, 148, 149, 157, 158, 159, 161, 164, 165, 166, 169, 170, 171, 172, 174, 175, 176],
    "class_treeids": [0, 0, 0, 0, 0, 0, 0, 0, 0, 0, 0, 0, 0, 0, 0, 0, 0, 0, 0, 0, 0, 0, 0, 0, 0, 0, 0, 0, 0, 0, 0, 0, 0, 0, 0, 0, 0, 0, 0, 0, 0, 0, 0, 0, 0, 0, 0, 0, 0, 0, 0, 0, 0, 0, 0, 0, 0, 0, 0, 0, 0, 0, 0, 0, 0, 0, 0, 0, 0, 0, 0, 0, 0, 0, 0, 0, 0, 0, 0, 0, 0, 0, 0, 0, 0, 0, 0, 0, 0],
    "class_weights": [0.0, 0.5, 0.0, 0.0, 1.0, 0.0, 1.0, 0.0, 0.0, 1.0, 0.0, 1.0, 1.0, 0.0, 1.0, 0.0, 0.0, 1.0, 0.0, 1.0, 0.0, 0.0, 1.0, 0.0, 0.5, 0.0, 0.0, 0.5, 0.0, 0.6666666865348816, 0.5, 1.0, 1.0, 0.0, 0.0, 1.0, 1.0, 0.0, 0.0, 0.0, 0.5, 0.0, 0.0, 0.3333333432674408, 0.0, 0.0, 0.5, 1.0, 0.5, 0.0, 0.0, 1.0, 0.0, 0.0, 0.0, 0.5, 0.0, 1.0, 0.0, 0.0, 0.0, 1.0, 0.0, 1.0, 1.0, 1.0, 1.0, 0.0, 0.0, 1.0, 1.0, 0.0, 0.0, 1.0, 0.0, 0.0, 1.0, 0.0, 1.0, 1.0, 0.0, 1.0, 1.0, 0.0, 1.0, 0.0, 0.0, 1.0, 1.0],
    "classlabels": [0, 1],
    "nodes_falsenodeids": [130, 7, 6, 5, 0, 0, 0, 29, 10, 0, 22, 21, 20, 19, 18, 17, 0, 0, 0, 0, 0, 0, 28, 27, 26, 0, 0, 0, 0, 85, 32, 0, 78, 63, 42, 37, 0, 39, 0, 41, 0, 0, 56, 47, 46, 0, 0, 51, 50, 0, 0, 55, 54, 0, 0, 0, 58, 0, 62, 61, 0, 0, 0, 69, 68, 67, 0, 0, 0, 71, 0, 75, 74, 0, 0, 77, 0, 0, 80, 0, 82, 0, 84, 0, 0, 129, 122, 121, 120, 117, 106, 103, 94, 0, 98, 97, 0, 0, 100, 0, 102, 0, 0, 105, 0, 0, 114, 113, 110, 0, 112, 0, 0, 0, 116, 0, 0, 119, 0, 0, 0, 0, 128, 127, 126, 0, 0, 0, 0, 0, 150, 133, 0, 137, 136, 0, 0, 149, 148, 147, 146, 145, 144, 0, 0, 0, 0, 0, 0, 0, 176, 173, 172, 167, 160, 159, 158, 0, 0, 0, 162, 0, 166, 165, 0, 0, 0, 171, 170, 0, 0, 0, 0, 175, 0, 0, 0],
    "nodes_featureids": [3, 2, 0, 7, 0, 0, 0, 8, 2, 0, 0, 2, 6, 2, 7, 0, 0, 0, 0, 0, 0, 0, 2, 6, 7, 0, 0, 0, 0, 0, 4, 0, 7, 2, 0, 6, 0, 1, 0, 2, 0, 0, 2, 2, 7, 0, 0, 1, 6, 0, 0, 6, 7, 0, 0, 0, 1, 0, 7, 6, 0, 0, 0, 0, 2, 6, 0, 0, 0, 2, 0, 6, 2, 0, 0, 2, 0, 0, 2, 0, 0, 0, 7, 0, 0, 2, 7, 2, 7, 7, 2, 1, 2, 0, 0, 6, 0, 0, 6, 0, 7, 0, 0, 2, 0, 0, 2, 7, 0, 0, 2, 0, 0, 0, 7, 0, 0, 1, 0, 0, 0, 0, 0, 2, 2, 0, 0, 0, 0, 0, 6, 8, 0, 0, 4, 0, 0, 2, 7, 1, 3, 4, 2, 0, 0, 0, 0, 0, 0, 0, 2, 2, 7, 4, 1, 2, 7, 0, 0, 0, 7, 0, 3, 2, 0, 0, 0, 2, 1, 0, 0, 0, 0, 8, 0, 0, 0],
    "nodes_hitrates": [],
    "nodes_missing_value_tracks_true": [0, 0, 0, 0, 0, 0, 0, 0, 0, 0, 0, 0, 0, 0, 0, 0, 0, 0, 0, 0, 0, 0, 0, 0, 0, 0, 0, 0, 0, 0, 0, 0, 0, 0, 0, 0, 0, 0, 0, 0, 0, 0, 0, 0, 0, 0, 0, 0, 0, 0, 0, 0, 0, 0, 0, 0, 0, 0, 0, 0, 0, 0, 0, 0, 0, 0, 0, 0, 0, 0, 0, 0, 0, 0, 0, 0, 0, 0, 0, 0, 0, 0, 0, 0, 0, 0, 0, 0, 0, 0, 0, 0, 0, 0, 0, 0, 0, 0, 0, 0, 0, 0, 0, 0, 0, 0, 0, 0, 0, 0, 0, 0, 0, 0, 0, 0, 0, 0, 0, 0, 0, 0, 0, 0, 0, 0, 0, 0, 0, 0, 0, 0, 0, 0, 0, 0, 0, 0, 0, 0, 0, 0, 0, 0, 0, 0, 0, 0, 0, 0, 0, 0, 0, 0, 0, 0, 0, 0, 0, 0, 0, 0, 0, 0, 0, 0, 0, 0, 0, 0, 0, 0, 0, 0, 0, 0, 0],
    "nodes_modes": ['BRANCH_LEQ', 'BRANCH_LEQ', 'BRANCH_LEQ', 'BRANCH_LEQ', 'LEAF', 'LEAF', 'LEAF', 'BRANCH_LEQ', 'BRANCH_LEQ', 'LEAF', 'BRANCH_LEQ', 'BRANCH_LEQ', 'BRANCH_LEQ', 'BRANCH_LEQ', 'BRANCH_LEQ', 'BRANCH_LEQ', 'LEAF', 'LEAF', 'LEAF', 'LEAF', 'LEAF', 'LEAF', 'BRANCH_LEQ', 'BRANCH_LEQ', 'BRANCH_LEQ', 'LEAF', 'LEAF', 'LEAF', 'LEAF', 'BRANCH_LEQ', 'BRANCH_LEQ', 'LEAF', 'BRANCH_LEQ', 'BRANCH_LEQ', 'BRANCH_LEQ', 'BRANCH_LEQ', 'LEAF', 'BRANCH_LEQ', 'LEAF', 'BRANCH_LEQ', 'LEAF', 'LEAF', 'BRANCH_LEQ', 'BRANCH_LEQ', 'BRANCH_LEQ', 'LEAF', 'LEAF', 'BRANCH_LEQ', 'BRANCH_LEQ', 'LEAF', 'LEAF', 'BRANCH_LEQ', 'BRANCH_LEQ', 'LEAF', 'LEAF', 'LEAF', 'BRANCH_LEQ', 'LEAF', 'BRANCH_LEQ', 'BRANCH_LEQ', 'LEAF', 'LEAF', 'LEAF', 'BRANCH_LEQ', 'BRANCH_LEQ', 'BRANCH_LEQ', 'LEAF', 'LEAF', 'LEAF', 'BRANCH_LEQ', 'LEAF', 'BRANCH_LEQ', 'BRANCH_LEQ', 'LEAF', 'LEAF', 'BRANCH_LEQ', 'LEAF', 'LEAF', 'BRANCH_LEQ', 'LEAF', 'BRANCH_LEQ', 'LEAF', 'BRANCH_LEQ', 'LEAF', 'LEAF', 'BRANCH_LEQ', 'BRANCH_LEQ', 'BRANCH_LEQ', 'BRANCH_LEQ', 'BRANCH_LEQ', 'BRANCH_LEQ', 'BRANCH_LEQ', 'BRANCH_LEQ', 'LEAF', 'BRANCH_LEQ', 'BRANCH_LEQ', 'LEAF', 'LEAF', 'BRANCH_LEQ', 'LEAF', 'BRANCH_LEQ', 'LEAF', 'LEAF', 'BRANCH_LEQ', 'LEAF', 'LEAF', 'BRANCH_LEQ', 'BRANCH_LEQ', 'BRANCH_LEQ', 'LEAF', 'BRANCH_LEQ', 'LEAF', 'LEAF', 'LEAF', 'BRANCH_LEQ', 'LEAF', 'LEAF', 'BRANCH_LEQ', 'LEAF', 'LEAF', 'LEAF', 'LEAF', 'BRANCH_LEQ', 'BRANCH_LEQ', 'BRANCH_LEQ', 'LEAF', 'LEAF', 'LEAF', 'LEAF', 'LEAF', 'BRANCH_LEQ', 'BRANCH_LEQ', 'LEAF', 'BRANCH_LEQ', 'BRANCH_LEQ', 'LEAF', 'LEAF', 'BRANCH_LEQ', 'BRANCH_LEQ', 'BRANCH_LEQ', 'BRANCH_LEQ', 'BRANCH_LEQ', 'BRANCH_LEQ', 'LEAF', 'LEAF', 'LEAF', 'LEAF', 'LEAF', 'LEAF', 'LEAF', 'BRANCH_LEQ', 'BRANCH_LEQ', 'BRANCH_LEQ', 'BRANCH_LEQ', 'BRANCH_LEQ', 'BRANCH_LEQ', 'BRANCH_LEQ', 'LEAF', 'LEAF', 'LEAF', 'BRANCH_LEQ', 'LEAF', 'BRANCH_LEQ', 'BRANCH_LEQ', 'LEAF', 'LEAF', 'LEAF', 'BRANCH_LEQ', 'BRANCH_LEQ', 'LEAF', 'LEAF', 'LEAF', 'LEAF', 'BRANCH_LEQ', 'LEAF', 'LEAF', 'LEAF'],
    "nodes_nodeids": [0, 1, 2, 3, 4, 5, 6, 7, 8, 9, 10, 11, 12, 13, 14, 15, 16, 17, 18, 19, 20, 21, 22, 23, 24, 25, 26, 27, 28, 29, 30, 31, 32, 33, 34, 35, 36, 37, 38, 39, 40, 41, 42, 43, 44, 45, 46, 47, 48, 49, 50, 51, 52, 53, 54, 55, 56, 57, 58, 59, 60, 61, 62, 63, 64, 65, 66, 67, 68, 69, 70, 71, 72, 73, 74, 75, 76, 77, 78, 79, 80, 81, 82, 83, 84, 85, 86, 87, 88, 89, 90, 91, 92, 93, 94, 95, 96, 97, 98, 99, 100, 101, 102, 103, 104, 105, 106, 107, 108, 109, 110, 111, 112, 113, 114, 115, 116, 117, 118, 119, 120, 121, 122, 123, 124, 125, 126, 127, 128, 129, 130, 131, 132, 133, 134, 135, 136, 137, 138, 139, 140, 141, 142, 143, 144, 145, 146, 147, 148, 149, 150, 151, 152, 153, 154, 155, 156, 157, 158, 159, 160, 161, 162, 163, 164, 165, 166, 167, 168, 169, 170, 171, 172, 173, 174, 175, 176],
    "nodes_treeids": [0, 0, 0, 0, 0, 0, 0, 0, 0, 0, 0, 0, 0, 0, 0, 0, 0, 0, 0, 0, 0, 0, 0, 0, 0, 0, 0, 0, 0, 0, 0, 0, 0, 0, 0, 0, 0, 0, 0, 0, 0, 0, 0, 0, 0, 0, 0, 0, 0, 0, 0, 0, 0, 0, 0, 0, 0, 0, 0, 0, 0, 0, 0, 0, 0, 0, 0, 0, 0, 0, 0, 0, 0, 0, 0, 0, 0, 0, 0, 0, 0, 0, 0, 0, 0, 0, 0, 0, 0, 0, 0, 0, 0, 0, 0, 0, 0, 0, 0, 0, 0, 0, 0, 0, 0, 0, 0, 0, 0, 0, 0, 0, 0, 0, 0, 0, 0, 0, 0, 0, 0, 0, 0, 0, 0, 0, 0, 0, 0, 0, 0, 0, 0, 0, 0, 0, 0, 0, 0, 0, 0, 0, 0, 0, 0, 0, 0, 0, 0, 0, 0, 0, 0, 0, 0, 0, 0, 0, 0, 0, 0, 0, 0, 0, 0, 0, 0, 0, 0, 0, 0, 0, 0, 0, 0, 0, 0],
    "nodes_truenodeids": [1, 2, 3, 4, 0, 0, 0, 8, 9, 0, 11, 12, 13, 14, 15, 16, 0, 0, 0, 0, 0, 0, 23, 24, 25, 0, 0, 0, 0, 30, 31, 0, 33, 34, 35, 36, 0, 38, 0, 40, 0, 0, 43, 44, 45, 0, 0, 48, 49, 0, 0, 52, 53, 0, 0, 0, 57, 0, 59, 60, 0, 0, 0, 64, 65, 66, 0, 0, 0, 70, 0, 72, 73, 0, 0, 76, 0, 0, 79, 0, 81, 0, 83, 0, 0, 86, 87, 88, 89, 90, 91, 92, 93, 0, 95, 96, 0, 0, 99, 0, 101, 0, 0, 104, 0, 0, 107, 108, 109, 0, 111, 0, 0, 0, 115, 0, 0, 118, 0, 0, 0, 0, 123, 124, 125, 0, 0, 0, 0, 0, 131, 132, 0, 134, 135, 0, 0, 138, 139, 140, 141, 142, 143, 0, 0, 0, 0, 0, 0, 0, 151, 152, 153, 154, 155, 156, 157, 0, 0, 0, 161, 0, 163, 164, 0, 0, 0, 168, 169, 0, 0, 0, 0, 174, 0, 0, 0],
    "nodes_values": [0.0625, 0.25, 0.29999998211860657, 0.875, 0.0, 0.0, 0.0, 0.5, 0.3499999940395355, 0.0, 0.5, 0.949999988079071, 0.5, 0.699999988079071, 0.125, 0.29999998211860657, 0.0, 0.0, 0.0, 0.0, 0.0, 0.0, 0.949999988079071, 0.5, 0.5, 0.0, 0.0, 0.0, 0.0, 0.5, 0.5, 0.0, 0.375, 0.550000011920929, 0.29999998211860657, 0.5, 0.0, 0.5, 0.0, 0.4000000059604645, 0.0, 0.0, 0.44999998807907104, 0.3499999940395355, 0.125, 0.0, 0.0, 0.75, 0.5, 0.0, 0.0, 0.5, 0.125, 0.0, 0.0, 0.0, 0.75, 0.0, 0.125, 0.5, 0.0, 0.0, 0.0, 0.29999998211860657, 0.6499999761581421, 0.5, 0.0, 0.0, 0.0, 0.6499999761581421, 0.0, 0.5, 0.75, 0.0, 0.0, 0.75, 0.0, 0.0, 0.550000011920929, 0.0, 0.29999998211860657, 0.0, 0.625, 0.0, 0.0, 0.8999999761581421, 0.875, 0.75, 0.625, 0.375, 0.44999998807907104, 0.75, 0.3499999940395355, 0.0, 0.699999988079071, 0.5, 0.0, 0.0, 0.5, 0.0, 0.125, 0.0, 0.0, 0.3499999940395355, 0.0, 0.0, 0.6499999761581421, 0.125, 0.699999988079071, 0.0, 0.550000011920929, 0.0, 0.0, 0.0, 0.125, 0.0, 0.0, 0.75, 0.0, 0.0, 0.0, 0.0, 0.699999988079071, 0.5, 0.3499999940395355, 0.0, 0.0, 0.0, 0.0, 0.0, 0.5, 0.5, 0.0, 0.5, 0.5, 0.0, 0.0, 0.75, 0.5, 0.75, 0.4375, 0.5, 0.6499999761581421, 0.0, 0.0, 0.0, 0.0, 0.0, 0.0, 0.0, 0.8999999761581421, 0.75, 0.75, 0.5, 0.75, 0.44999998807907104, 0.25, 0.0, 0.0, 0.0, 0.125, 0.0, 0.5, 0.5, 0.0, 0.0, 0.0, 0.550000011920929, 0.75, 0.0, 0.0, 0.0, 0.0, 0.5, 0.0, 0.0, 0.0],
    "base_values": [1.0, 1.0, 1.0, 1.0, 1.0, 1.0, 1.0, 1.0, 1.0, 1.0, 1.0, 1.0, 1.0, 1.0, 1.0, 1.0, 1.0, 1.0, 1.0, 1.0, 1.0, 1.0, 1.0, 1.0, 1.0, 1.0, 1.0, 1.0, 1.0, 1.0, 1.0, 1.0, 1.0, 1.0, 1.0, 1.0, 1.0, 1.0, 1.0, 1.0, 1.0, 1.0, 1.0, 1.0, 1.0, 1.0, 1.0, 1.0, 1.0, 1.0, 1.0, 1.0, 1.0, 1.0, 1.0, 1.0, 1.0, 1.0, 1.0, 1.0, 1.0, 1.0, 1.0, 1.0, 1.0, 1.0, 1.0, 1.0, 1.0, 1.0, 1.0, 1.0, 1.0, 1.0, 1.0, 1.0, 1.0, 1.0, 1.0, 1.0, 1.0, 1.0, 1.0, 1.0, 1.0, 1.0, 1.0, 1.0, 1.0, 1.0, 1.0, 1.0, 1.0, 1.0, 1.0, 1.0, 1.0, 1.0, 1.0, 1.0, 1.0, 1.0, 1.0, 1.0, 1.0, 1.0, 1.0, 1.0, 1.0, 1.0, 1.0, 1.0, 1.0, 1.0, 1.0, 1.0, 1.0, 1.0, 1.0, 1.0, 1.0, 1.0, 1.0, 1.0, 1.0, 1.0, 1.0, 1.0, 1.0, 1.0, 1.0, 1.0, 1.0, 1.0, 1.0, 1.0, 1.0, 1.0, 1.0, 1.0, 1.0, 1.0, 1.0, 1.0, 1.0, 1.0, 1.0, 1.0, 1.0, 1.0, 1.0, 1.0, 1.0, 1.0, 1.0, 1.0, 1.0, 1.0, 1.0, 1.0, 1.0, 1.0, 1.0, 1.0, 1.0, 1.0, 1.0, 1.0, 1.0, 1.0, 1.0, 1.0, 1.0, 1.0, 1.0, 1.0, 1.0],
    "post_transform": "SOFTMAX",
}