params = {
    "class_ids": [0, 0, 0, 0, 0, 0, 0, 0, 0, 0, 0, 0, 0, 0, 0, 0, 0, 0, 0, 0, 0, 0, 0, 0, 0, 0, 0, 0, 0, 0, 0, 0, 0, 0, 0],
    "class_nodeids": [5, 7, 8, 10, 12, 14, 15, 17, 19, 20, 21, 25, 27, 29, 31, 33, 34, 39, 40, 42, 44, 46, 47, 49, 50, 53, 54, 55, 59, 61, 62, 64, 65, 67, 68],
    "class_treeids": [0, 0, 0, 0, 0, 0, 0, 0, 0, 0, 0, 0, 0, 0, 0, 0, 0, 0, 0, 0, 0, 0, 0, 0, 0, 0, 0, 0, 0, 0, 0, 0, 0, 0, 0],
    "class_weights": [1.0, 1.0, 0.0, 1.0, 1.0, 1.0, 0.0, 1.0, 0.0, 1.0, 0.0, 0.0, 1.0, 0.0, 1.0, 0.0, 1.0, 0.0, 1.0, 0.0, 0.0, 0.0, 1.0, 0.0, 1.0, 0.0, 1.0, 1.0, 0.0, 1.0, 0.0, 1.0, 0.0, 1.0, 0.0],
    "classlabels": [0, 1],
    "nodes_falsenodeids": [22, 21, 16, 9, 6, 0, 8, 0, 0, 11, 0, 13, 0, 15, 0, 0, 18, 0, 20, 0, 0, 0, 56, 35, 26, 0, 28, 0, 30, 0, 32, 0, 34, 0, 0, 51, 48, 41, 40, 0, 0, 43, 0, 45, 0, 47, 0, 0, 50, 0, 0, 55, 54, 0, 0, 0, 66, 63, 60, 0, 62, 0, 0, 65, 0, 0, 68, 0, 0],
    "nodes_featureids": [11, 4, 2, 0, 4, 0, 8, 0, 0, 11, 0, 4, 0, 9, 0, 0, 2, 0, 2, 0, 0, 0, 7, 4, 6, 0, 6, 0, 8, 0, 0, 0, 2, 0, 0, 0, 2, 7, 2, 0, 0, 7, 0, 6, 0, 1, 0, 0, 3, 0, 0, 6, 3, 0, 0, 0, 0, 9, 2, 0, 0, 0, 0, 4, 0, 0, 4, 0, 0],
    "nodes_hitrates": [],
    "nodes_missing_value_tracks_true": [0, 0, 0, 0, 0, 0, 0, 0, 0, 0, 0, 0, 0, 0, 0, 0, 0, 0, 0, 0, 0, 0, 0, 0, 0, 0, 0, 0, 0, 0, 0, 0, 0, 0, 0, 0, 0, 0, 0, 0, 0, 0, 0, 0, 0, 0, 0, 0, 0, 0, 0, 0, 0, 0, 0, 0, 0, 0, 0, 0, 0, 0, 0, 0, 0, 0, 0, 0, 0],
    "nodes_modes": ['BRANCH_LEQ', 'BRANCH_LEQ', 'BRANCH_LEQ', 'BRANCH_LEQ', 'BRANCH_LEQ', 'LEAF', 'BRANCH_LEQ', 'LEAF', 'LEAF', 'BRANCH_LEQ', 'LEAF', 'BRANCH_LEQ', 'LEAF', 'BRANCH_LEQ', 'LEAF', 'LEAF', 'BRANCH_LEQ', 'LEAF', 'BRANCH_LEQ', 'LEAF', 'LEAF', 'LEAF', 'BRANCH_LEQ', 'BRANCH_LEQ', 'BRANCH_LEQ', 'LEAF', 'BRANCH_LEQ', 'LEAF', 'BRANCH_LEQ', 'LEAF', 'BRANCH_LEQ', 'LEAF', 'BRANCH_LEQ', 'LEAF', 'LEAF', 'BRANCH_LEQ', 'BRANCH_LEQ', 'BRANCH_LEQ', 'BRANCH_LEQ', 'LEAF', 'LEAF', 'BRANCH_LEQ', 'LEAF', 'BRANCH_LEQ', 'LEAF', 'BRANCH_LEQ', 'LEAF', 'LEAF', 'BRANCH_LEQ', 'LEAF', 'LEAF', 'BRANCH_LEQ', 'BRANCH_LEQ', 'LEAF', 'LEAF', 'LEAF', 'BRANCH_LEQ', 'BRANCH_LEQ', 'BRANCH_LEQ', 'LEAF', 'BRANCH_LEQ', 'LEAF', 'LEAF', 'BRANCH_LEQ', 'LEAF', 'LEAF', 'BRANCH_LEQ', 'LEAF', 'LEAF'],
    "nodes_nodeids": [0, 1, 2, 3, 4, 5, 6, 7, 8, 9, 10, 11, 12, 13, 14, 15, 16, 17, 18, 19, 20, 21, 22, 23, 24, 25, 26, 27, 28, 29, 30, 31, 32, 33, 34, 35, 36, 37, 38, 39, 40, 41, 42, 43, 44, 45, 46, 47, 48, 49, 50, 51, 52, 53, 54, 55, 56, 57, 58, 59, 60, 61, 62, 63, 64, 65, 66, 67, 68],
    "nodes_treeids": [0, 0, 0, 0, 0, 0, 0, 0, 0, 0, 0, 0, 0, 0, 0, 0, 0, 0, 0, 0, 0, 0, 0, 0, 0, 0, 0, 0, 0, 0, 0, 0, 0, 0, 0, 0, 0, 0, 0, 0, 0, 0, 0, 0, 0, 0, 0, 0, 0, 0, 0, 0, 0, 0, 0, 0, 0, 0, 0, 0, 0, 0, 0, 0, 0, 0, 0, 0, 0],
    "nodes_truenodeids": [1, 2, 3, 4, 5, 0, 7, 0, 0, 10, 0, 12, 0, 14, 0, 0, 17, 0, 19, 0, 0, 0, 23, 24, 25, 0, 27, 0, 29, 0, 31, 0, 33, 0, 0, 36, 37, 38, 39, 0, 0, 42, 0, 44, 0, 46, 0, 0, 49, 0, 0, 52, 53, 0, 0, 0, 57, 58, 59, 0, 61, 0, 0, 64, 0, 0, 67, 0, 0],
    "nodes_values": [0.22597864270210266, 0.8863636255264282, 0.017415156587958336, 0.290909081697464, 0.1666666716337204, 0.0, 0.6857143044471741, 0.0, 0.0, 0.09608540683984756, 0.0, 0.280303031206131, 0.0, 0.5, 0.0, 0.0, 0.2290762960910797, 0.0, 0.4193671941757202, 0.0, 0.0, 0.0, 0.11797752976417542, 0.20454545319080353, 0.20414595305919647, 0.0, 0.24475693702697754, 0.0, 0.6428571343421936, 0.0, 0.3545454442501068, 0.0, 0.04171982780098915, 0.0, 0.0, 0.7090908885002136, 0.2914646565914154, 0.016853932291269302, 0.04714212566614151, 0.0, 0.0, 0.08426966518163681, 0.0, 0.36962056159973145, 0.0, 0.5, 0.0, 0.0, 0.5, 0.0, 0.0, 0.27164384722709656, 0.5, 0.0, 0.0, 0.0, 0.5636363625526428, 0.5, 0.006315386388450861, 0.0, 0.40909090638160706, 0.0, 0.0, 0.12878787517547607, 0.0, 0.0, 0.5075757503509521, 0.0, 0.0],
    "base_values": [1.0, 1.0, 1.0, 1.0, 1.0, 1.0, 1.0, 1.0, 1.0, 1.0, 1.0, 1.0, 1.0, 1.0, 1.0, 1.0, 1.0, 1.0, 1.0, 1.0, 1.0, 1.0, 1.0, 1.0, 1.0, 1.0, 1.0, 1.0, 1.0, 1.0, 1.0, 1.0, 1.0, 1.0, 1.0, 1.0, 1.0, 1.0, 1.0, 1.0, 1.0, 1.0, 1.0, 1.0, 1.0, 1.0, 1.0, 1.0, 1.0, 1.0, 1.0, 1.0, 1.0, 1.0, 1.0, 1.0, 1.0, 1.0, 1.0, 1.0, 1.0, 1.0, 1.0, 1.0, 1.0, 1.0, 1.0, 1.0, 1.0],
    "post_transform": "SOFTMAX",
}