params = {
    "class_ids": [0, 0, 0, 0, 0, 0, 0, 0, 0, 0, 0, 0, 0, 0, 0, 0, 0, 0, 0, 0, 0, 0, 0, 0, 0, 0, 0, 0, 0, 0, 0, 0, 0, 0, 0, 0, 0, 0, 0, 0, 0, 0, 0, 0, 0, 0, 0, 0, 0, 0, 0, 0, 0, 0, 0, 0, 0, 0, 0, 0, 0, 0, 0, 0, 0, 0, 0, 0, 0, 0, 0, 0, 0, 0, 0, 0, 0, 0, 0, 0],
    "class_nodeids": [3, 4, 5, 9, 10, 12, 14, 15, 17, 18, 3, 4, 6, 7, 9, 11, 14, 15, 16, 2, 3, 6, 7, 9, 12, 13, 14, 3, 5, 6, 7, 10, 12, 13, 14, 2, 4, 5, 9, 10, 11, 13, 14, 3, 4, 6, 7, 10, 11, 14, 15, 16, 5, 6, 7, 8, 10, 11, 13, 14, 5, 6, 7, 8, 10, 11, 13, 14, 3, 4, 5, 7, 9, 10, 3, 4, 5, 7, 9, 10],
    "class_treeids": [0, 0, 0, 0, 0, 0, 0, 0, 0, 0, 1, 1, 1, 1, 1, 1, 1, 1, 1, 2, 2, 2, 2, 2, 2, 2, 2, 3, 3, 3, 3, 3, 3, 3, 3, 4, 4, 4, 4, 4, 4, 4, 4, 5, 5, 5, 5, 5, 5, 5, 5, 5, 6, 6, 6, 6, 6, 6, 6, 6, 7, 7, 7, 7, 7, 7, 7, 7, 8, 8, 8, 8, 8, 8, 9, 9, 9, 9, 9, 9],
    "class_weights": [0.0, 0.30000001192092896, -0.5, 0.0, -0.36000001430511475, 0.5, 0.30000001192092896, -0.24000000953674316, 0.15000000596046448, 0.5727272629737854, 0.3961066007614136, -0.26905766129493713, -0.4028584659099579, -0.033369436860084534, -0.02620982937514782, 0.1365337073802948, 0.45368680357933044, 0.142971932888031, 0.14068226516246796, 0.14253002405166626, -0.3476850390434265, 0.12650269269943237, -0.21816672384738922, 0.02452663891017437, 0.3308528959751129, -0.14811380207538605, 0.39384204149246216, 0.318315714597702, 0.07544239610433578, -0.3062865436077118, -0.3084857761859894, -0.19150039553642273, 0.31282952427864075, -0.013554331846535206, 0.3543093800544739, -0.2897112965583801, -0.16522493958473206, 0.1727706789970398, -0.06410246342420578, -0.23288409411907196, 0.24574652314186096, 0.31541576981544495, 0.04634378105401993, 0.2539590895175934, -0.1892128735780716, -0.2657857835292816, -0.031577836722135544, -0.1989111602306366, 0.11509503424167633, -0.10340224951505661, 0.21709845960140228, 0.31793785095214844, -0.011764931492507458, -0.27243539690971375, 0.10439209640026093, 0.2791582942008972, -0.2552536427974701, -0.007695015519857407, 0.06445647031068802, 0.28751009702682495, -0.009815736673772335, -0.24212031066417694, 0.09068720787763596, 0.25437164306640625, -0.23216426372528076, -0.006515677087008953, 0.2727809250354767, 0.05124090611934662, 0.20917589962482452, -0.09768593311309814, -0.23808200657367706, -0.056918010115623474, 0.026731034740805626, 0.27926909923553467, -0.011540664359927177, -0.2291409820318222, 0.08169959485530853, -0.06971696019172668, 0.0701994001865387, 0.26166465878486633],
    "classlabels": [0, 1],
    "nodes_falsenodeids": [6, 5, 4, 0, 0, 0, 16, 11, 10, 0, 0, 13, 0, 15, 0, 0, 18, 0, 0, 8, 5, 4, 0, 0, 7, 0, 0, 10, 0, 12, 0, 16, 15, 0, 0, 0, 4, 3, 0, 0, 8, 7, 0, 0, 10, 0, 14, 13, 0, 0, 0, 8, 7, 4, 0, 6, 0, 0, 0, 14, 11, 0, 13, 0, 0, 0, 6, 3, 0, 5, 0, 0, 12, 11, 10, 0, 0, 0, 14, 0, 0, 8, 5, 4, 0, 0, 7, 0, 0, 12, 11, 0, 0, 16, 15, 0, 0, 0, 12, 9, 8, 7, 6, 0, 0, 0, 0, 11, 0, 0, 14, 0, 0, 12, 9, 8, 7, 6, 0, 0, 0, 0, 11, 0, 0, 14, 0, 0, 6, 5, 4, 0, 0, 0, 8, 0, 10, 0, 0, 6, 5, 4, 0, 0, 0, 8, 0, 10, 0, 0],
    "nodes_featureids": [18, 0, 0, 0, 0, 0, 9, 0, 0, 0, 0, 10, 0, 3, 0, 0, 18, 0, 0, 18, 1, 19, 0, 0, 19, 0, 0, 16, 0, 3, 0, 0, 16, 0, 0, 0, 18, 0, 0, 0, 14, 3, 0, 0, 19, 0, 9, 3, 0, 0, 0, 18, 1, 17, 0, 16, 0, 0, 0, 9, 0, 0, 0, 0, 0, 0, 14, 20, 0, 15, 0, 0, 17, 19, 0, 0, 0, 0, 0, 0, 0, 18, 1, 19, 0, 0, 19, 0, 0, 16, 1, 0, 0, 17, 19, 0, 0, 0, 11, 0, 0, 5, 3, 0, 0, 0, 0, 19, 0, 0, 21, 0, 0, 11, 0, 0, 5, 3, 0, 0, 0, 0, 19, 0, 0, 1, 0, 0, 21, 1, 17, 0, 0, 0, 16, 0, 10, 0, 0, 20, 10, 6, 0, 0, 0, 19, 0, 21, 0, 0],
    "nodes_hitrates": [],
    "nodes_missing_value_tracks_true": [1, 1, 1, 0, 0, 0, 1, 1, 1, 0, 0, 1, 0, 1, 0, 0, 1, 0, 0, 1, 1, 1, 0, 0, 1, 0, 0, 1, 0, 1, 0, 1, 1, 0, 0, 0, 1, 1, 0, 0, 1, 1, 0, 0, 1, 0, 1, 1, 0, 0, 0, 1, 1, 1, 0, 1, 0, 0, 0, 1, 1, 0, 1, 0, 0, 0, 1, 1, 0, 1, 0, 0, 1, 1, 1, 0, 0, 0, 1, 0, 0, 1, 1, 1, 0, 0, 1, 0, 0, 1, 1, 0, 0, 1, 1, 0, 0, 0, 1, 1, 1, 1, 1, 0, 0, 0, 0, 1, 0, 0, 1, 0, 0, 1, 1, 1, 1, 1, 0, 0, 0, 0, 1, 0, 0, 1, 0, 0, 1, 1, 1, 0, 0, 0, 1, 0, 1, 0, 0, 1, 1, 1, 0, 0, 0, 1, 0, 1, 0, 0],
    "nodes_modes": ['BRANCH_LT', 'BRANCH_LT', 'BRANCH_LT', 'LEAF', 'LEAF', 'LEAF', 'BRANCH_LT', 'BRANCH_LT', 'BRANCH_LT', 'LEAF', 'LEAF', 'BRANCH_LT', 'LEAF', 'BRANCH_LT', 'LEAF', 'LEAF', 'BRANCH_LT', 'LEAF', 'LEAF', 'BRANCH_LT', 'BRANCH_LT', 'BRANCH_LT', 'LEAF', 'LEAF', 'BRANCH_LT', 'LEAF', 'LEAF', 'BRANCH_LT', 'LEAF', 'BRANCH_LT', 'LEAF', 'BRANCH_LT', 'BRANCH_LT', 'LEAF', 'LEAF', 'LEAF', 'BRANCH_LT', 'BRANCH_LT', 'LEAF', 'LEAF', 'BRANCH_LT', 'BRANCH_LT', 'LEAF', 'LEAF', 'BRANCH_LT', 'LEAF', 'BRANCH_LT', 'BRANCH_LT', 'LEAF', 'LEAF', 'LEAF', 'BRANCH_LT', 'BRANCH_LT', 'BRANCH_LT', 'LEAF', 'BRANCH_LT', 'LEAF', 'LEAF', 'LEAF', 'BRANCH_LT', 'BRANCH_LT', 'LEAF', 'BRANCH_LT', 'LEAF', 'LEAF', 'LEAF', 'BRANCH_LT', 'BRANCH_LT', 'LEAF', 'BRANCH_LT', 'LEAF', 'LEAF', 'BRANCH_LT', 'BRANCH_LT', 'BRANCH_LT', 'LEAF', 'LEAF', 'LEAF', 'BRANCH_LT', 'LEAF', 'LEAF', 'BRANCH_LT', 'BRANCH_LT', 'BRANCH_LT', 'LEAF', 'LEAF', 'BRANCH_LT', 'LEAF', 'LEAF', 'BRANCH_LT', 'BRANCH_LT', 'LEAF', 'LEAF', 'BRANCH_LT', 'BRANCH_LT', 'LEAF', 'LEAF', 'LEAF', 'BRANCH_LT', 'BRANCH_LT', 'BRANCH_LT', 'BRANCH_LT', 'BRANCH_LT', 'LEAF', 'LEAF', 'LEAF', 'LEAF', 'BRANCH_LT', 'LEAF', 'LEAF', 'BRANCH_LT', 'LEAF', 'LEAF', 'BRANCH_LT', 'BRANCH_LT', 'BRANCH_LT', 'BRANCH_LT', 'BRANCH_LT', 'LEAF', 'LEAF', 'LEAF', 'LEAF', 'BRANCH_LT', 'LEAF', 'LEAF', 'BRANCH_LT', 'LEAF', 'LEAF', 'BRANCH_LT', 'BRANCH_LT', 'BRANCH_LT', 'LEAF', 'LEAF', 'LEAF', 'BRANCH_LT', 'LEAF', 'BRANCH_LT', 'LEAF', 'LEAF', 'BRANCH_LT', 'BRANCH_LT', 'BRANCH_LT', 'LEAF', 'LEAF', 'LEAF', 'BRANCH_LT', 'LEAF', 'BRANCH_LT', 'LEAF', 'LEAF'],
    "nodes_nodeids": [0, 1, 2, 3, 4, 5, 6, 7, 8, 9, 10, 11, 12, 13, 14, 15, 16, 17, 18, 0, 1, 2, 3, 4, 5, 6, 7, 8, 9, 10, 11, 12, 13, 14, 15, 16, 0, 1, 2, 3, 4, 5, 6, 7, 8, 9, 10, 11, 12, 13, 14, 0, 1, 2, 3, 4, 5, 6, 7, 8, 9, 10, 11, 12, 13, 14, 0, 1, 2, 3, 4, 5, 6, 7, 8, 9, 10, 11, 12, 13, 14, 0, 1, 2, 3, 4, 5, 6, 7, 8, 9, 10, 11, 12, 13, 14, 15, 16, 0, 1, 2, 3, 4, 5, 6, 7, 8, 9, 10, 11, 12, 13, 14, 0, 1, 2, 3, 4, 5, 6, 7, 8, 9, 10, 11, 12, 13, 14, 0, 1, 2, 3, 4, 5, 6, 7, 8, 9, 10, 0, 1, 2, 3, 4, 5, 6, 7, 8, 9, 10],
    "nodes_treeids": [0, 0, 0, 0, 0, 0, 0, 0, 0, 0, 0, 0, 0, 0, 0, 0, 0, 0, 0, 1, 1, 1, 1, 1, 1, 1, 1, 1, 1, 1, 1, 1, 1, 1, 1, 1, 2, 2, 2, 2, 2, 2, 2, 2, 2, 2, 2, 2, 2, 2, 2, 3, 3, 3, 3, 3, 3, 3, 3, 3, 3, 3, 3, 3, 3, 3, 4, 4, 4, 4, 4, 4, 4, 4, 4, 4, 4, 4, 4, 4, 4, 5, 5, 5, 5, 5, 5, 5, 5, 5, 5, 5, 5, 5, 5, 5, 5, 5, 6, 6, 6, 6, 6, 6, 6, 6, 6, 6, 6, 6, 6, 6, 6, 7, 7, 7, 7, 7, 7, 7, 7, 7, 7, 7, 7, 7, 7, 7, 8, 8, 8, 8, 8, 8, 8, 8, 8, 8, 8, 9, 9, 9, 9, 9, 9, 9, 9, 9, 9, 9],
    "nodes_truenodeids": [1, 2, 3, 0, 0, 0, 7, 8, 9, 0, 0, 12, 0, 14, 0, 0, 17, 0, 0, 1, 2, 3, 0, 0, 6, 0, 0, 9, 0, 11, 0, 13, 14, 0, 0, 0, 1, 2, 0, 0, 5, 6, 0, 0, 9, 0, 11, 12, 0, 0, 0, 1, 2, 3, 0, 5, 0, 0, 0, 9, 10, 0, 12, 0, 0, 0, 1, 2, 0, 4, 0, 0, 7, 8, 9, 0, 0, 0, 13, 0, 0, 1, 2, 3, 0, 0, 6, 0, 0, 9, 10, 0, 0, 13, 14, 0, 0, 0, 1, 2, 3, 4, 5, 0, 0, 0, 0, 10, 0, 0, 13, 0, 0, 1, 2, 3, 4, 5, 0, 0, 0, 0, 10, 0, 0, 13, 0, 0, 1, 2, 3, 0, 0, 0, 7, 0, 9, 0, 0, 1, 2, 3, 0, 0, 0, 7, 0, 9, 0, 0],
    "nodes_values": [0.22114092111587524, 0.5951639413833618, 0.3697517514228821, 0.0, 0.0, 0.0, 0.0866885781288147, 0.17198669910430908, 0.14436578750610352, 0.0, 0.0, 0.07550077140331268, 0.0, 0.07989199459552765, 0.0, 0.0, 0.2930147051811218, 0.0, 0.0, 0.2978193759918213, 0.20806413888931274, 0.4711988866329193, 0.0, 0.0, 0.38668203353881836, 0.0, 0.0, 0.31765174865722656, 0.0, 0.05225539952516556, 0.0, 0.6718295216560364, 0.9337931275367737, 0.0, 0.0, 0.0, 0.22114092111587524, 0.5951639413833618, 0.0, 0.0, 0.013161664828658104, 0.054796695709228516, 0.0, 0.0, 0.29696500301361084, 0.0, 0.0866885781288147, 0.11229351907968521, 0.0, 0.0, 0.0, 0.2978193759918213, 0.25931698083877563, 0.6139116287231445, 0.0, 0.35470426082611084, 0.0, 0.0, 0.0, 0.0866885781288147, 0.17288616299629211, 0.0, 0.5224803686141968, 0.0, 0.0, 0.0, 0.013384472578763962, 0.2830544412136078, 0.0, 0.7316710948944092, 0.0, 0.0, 0.36179614067077637, 0.45340248942375183, 0.4376935660839081, 0.0, 0.0, 0.0, 0.6227236986160278, 0.0, 0.0, 0.2978193759918213, 0.20806413888931274, 0.4711988866329193, 0.0, 0.0, 0.3841787576675415, 0.0, 0.0, 0.35063618421554565, 0.11232329905033112, 0.0, 0.0, 0.36179614067077637, 0.45263034105300903, 0.0, 0.0, 0.0, 0.10217095911502838, 0.6013000011444092, 0.26079919934272766, 0.0529865100979805, 0.05702032893896103, 0.0, 0.0, 0.0, 0.0, 0.39135313034057617, 0.0, 0.0, 0.2408134937286377, 0.0, 0.0, 0.10217095911502838, 0.6013000011444092, 0.26079919934272766, 0.0529865100979805, 0.05702032893896103, 0.0, 0.0, 0.0, 0.0, 0.39135313034057617, 0.0, 0.0, 0.2541627287864685, 0.0, 0.0, 0.21871143579483032, 0.25931698083877563, 0.6139116287231445, 0.0, 0.0, 0.0, 0.3674194812774658, 0.0, 0.07020416110754013, 0.0, 0.0, 0.3451852798461914, 0.0962057039141655, 0.050375133752822876, 0.0, 0.0, 0.0, 0.37518206238746643, 0.0, 0.21871143579483032, 0.0, 0.0],
    "base_values": [],
    "post_transform": "SOFTMAX",
}